  4.316823817163962E-008
  5.369435080510744E-008
  6.678728003465745E-008
  8.307302524453358E-008
  1.033302967535709E-007
  1.285277917853088E-007
  1.598705816359770E-007
  1.988578437832520E-007
  2.473547239883942E-007
  3.076818028224761E-007
  3.827265041522001E-007
  4.760818653956202E-007
  5.922194490138434E-007
  7.367048867561489E-007
  9.164667099666332E-007
  1.140131858117120E-006
  1.418444741692166E-006
  1.764791188582965E-006
  2.195854326958298E-006
  2.732436863242474E-006
  3.400493868020203E-006
  4.232432875930722E-006
  5.268754953732751E-006
  6.560132986677775E-006
  8.170054075749976E-006
  1.017819497715135E-005
  1.268475787674911E-005
  1.581607577814429E-005
  1.973191329370923E-005
  2.463505603331628E-005
  3.078402479745721E-005
  3.851010686814983E-005
  4.824042286953782E-005
  6.052953097022891E-005
  7.610324379580898E-005
  9.592010151987389E-005
  1.212586208620442E-004
  1.538425065742428E-004
  1.960222122993677E-004
  2.510407163446716E-004
  3.234259007761288E-004
  4.195742145034326E-004
  5.486245704400175E-004
  7.237741727688725E-004
  9.642692350533633E-004
  1.298428853651782E-003
  1.768253635090993E-003
  2.436469133504024E-003
  3.397315092228830E-003
  4.793103610173466E-003
  6.839669903048331E-003
  9.865540763442343E-003
  1.437227779474461E-002
  2.112753017346933E-002
  3.130867939616341E-002
  4.672499651451449E-002
  7.016293768931135E-002
  0.105931423308626     
  0.160768759286615     
  0.245599626154520     
  0.380281141301955     
  0.613733452929926     
   1.16810558234752     
   10.0003708225473     
