  2.158487476931343E-006
  2.158523963531798E-006
  2.158569346612406E-006
  2.158625795390306E-006
  2.158696008000026E-006
  2.158783340458704E-006
  2.158891967076764E-006
  2.159027079981284E-006
  2.159195137288914E-006
  2.159404171790452E-006
  2.159664174901590E-006
  2.159987574231862E-006
  2.160389827598614E-006
  2.160890161878608E-006
  2.161512492012869E-006
  2.162286564091269E-006
  2.163249377153936E-006
  2.164446951668649E-006
  2.165936529213761E-006
  2.167789308506943E-006
  2.170093848556239E-006
  2.172960301597006E-006
  2.176525678140334E-006
  2.180960395791357E-006
  2.186476424857372E-006
  2.193337420088966E-006
  2.201871322830336E-006
  2.212486035935487E-006
  2.225688920678765E-006
  2.242111047571643E-006
  2.262537360224500E-006
  2.287944194023429E-006
  2.319545942937043E-006
  2.358853105029850E-006
  2.407744481137391E-006
  2.468556977650093E-006
  2.544197305792755E-006
  2.638280916393688E-006
  2.755304810937754E-006
  2.900862488914253E-006
  3.081911305499984E-006
  3.307105018728554E-006
  3.587207421235805E-006
  3.935606827397674E-006
  4.368956007523412E-006
  4.907968157438001E-006
  5.578406951895092E-006
  6.412318013975283E-006
  7.449560697173125E-006
  8.739713527034356E-006
  1.034444488123958E-005
  1.234046420331253E-005
  1.482320280557017E-005
  1.791143311564047E-005
  2.175318521005825E-005
  2.653383161496049E-005
  3.248926778432982E-005
  3.993593728904660E-005
  4.936850838356636E-005
  6.185476760763567E-005
  8.084244679921949E-005
  1.220221053405436E-004
  3.037957057620460E-004
  2.005033958787354E-002
