   1.89996849112392     
   1.89996094623757     
   1.89995153514872     
   1.89993980829347     
   1.89992520556490     
   1.89990702962089     
   1.89988441267597     
   1.89985627521368     
   1.89982127468302     
   1.89977774178337     
   1.89972360138069     
   1.89965627441065     
   1.89957255628970     
   1.89946846634611     
   1.89933906157382     
   1.89917820657661     
   1.89897828989249     
   1.89872987496345     
   1.89842127187042     
   1.89803801366153     
   1.89756221882121     
   1.89697181944673     
   1.89623963351126     
   1.89533225999953     
   1.89420877895527     
   1.89281924646276     
   1.89110299003226     
   1.88898673656931     
   1.88638264806974     
   1.88318640543273     
   1.87927557466630     
   1.87450861705501     
   1.86872506505584     
   1.86174756660675     
   1.85338666901169     
   1.84344930457345     
   1.83175184920146     
   1.81813821463631     
   1.80250256975340     
   1.78481491454671     
   1.76514600196885     
   1.74368647830535     
   1.72075435351293     
   1.69678583724886     
   1.67230757725203     
   1.64789289405710     
   1.62410920770231     
   1.60146659703871     
   1.58037707067131     
   1.56113082765146     
   1.54389102212258     
   1.52870420554106     
   1.51552098321440     
   1.50422063857817     
   1.49463351944166     
   1.48655326250748     
   1.47972057916317     
   1.47371906444875     
   1.46757471737102     
   1.45834586305862     
   1.43655961887063     
   1.37528303584262     
   1.23065217176388     
   1.02405419789924     
