  2.000000000000000E-002
  2.487657388850401E-002
  3.094219642150998E-002
  3.848679177761487E-002
  4.787097596936524E-002
  5.954329354083572E-002
  7.406165706667418E-002
  9.212001421620826E-002
  0.114581517012977     
  0.142519778711510     
  0.177270190284506     
  0.220493749342084     
  0.274256452373082     
  0.341128045092898     
  0.424304850959721     
  0.527762548807509     
  0.656446202049760     
  0.816506622455934     
   1.01559436619889     
   1.26322541457476     
   1.57123601817526     
   1.95434844512078     
   2.43087467494650     
   3.02359167324999     
   3.76083008341344     
   4.67782837260716     
   5.81841715744512     
   7.23711421656615     
   9.00173032739754     
   11.1966104806946     
   13.9266653961899     
   17.3223860374395     
   21.5460808092777     
   26.7996335629837     
   33.3341532257198     
   41.4619762865167     
   51.5715958327467     
   64.1462307140694     
   79.7869224013786     
   99.2412635227116     
   123.439131240562     
   153.537133451929     
   190.973892247300     
   237.538807063258     
   295.457584264812     
   367.498621294125     
   457.105330327333     
   568.560726235846     
   707.192145815378     
   879.625883437297     
   1094.10391417843     
   1360.87784313805     
   1692.69891090259     
   2105.42747640293     
   2618.79110918120     
   3257.32752630517     
   4051.55744435943     
   5039.44340640629     
   6268.20431282002     
   7796.57238680533     
   9697.60045287165     
   12062.1537103526     
   15003.2529015039     
   18661.4764686087     
