  0.651915936626078     
  0.651915333755128     
  0.651914277319730     
  0.651912740306058     
  0.651910683105129     
  0.651908045335629     
  0.651904738292218     
  0.651900637582058     
  0.651895575411024     
  0.651889331908242     
  0.651881624819569     
  0.651872096844060     
  0.651860299821140     
  0.651845674890457     
  0.651827527634320     
  0.651804997070287     
  0.651777017188642     
  0.651742269531715     
  0.651699125103101     
  0.651645573701529     
  0.651579138644086     
  0.651496774856413     
  0.651394748593954     
  0.651268497826735     
  0.651112473897214     
  0.650919967950185     
  0.650682930597644     
  0.650391801451237     
  0.650035378168790     
  0.649600774445083     
  0.649073549121042     
  0.648438126903460     
  0.647678702744888     
  0.646780899917622     
  0.645734561224166     
  0.644538171161339     
  0.643205507502420     
  0.641775133546669     
  0.640323129816004     
  0.638978788457186     
  0.637941500224988     
  0.637494338186624     
  0.638005662180010     
  0.639905036814050     
  0.643616438261688     
  0.649435852520373     
  0.657360079093498     
  0.666912564150408     
  0.677055239014549     
  0.686280924090959     
  0.692911308507362     
  0.695510453277146     
  0.693259546504702     
  0.686174204483000     
  0.675116908836427     
  0.661597165296415     
  0.647387198893858     
  0.634038982894135     
  0.622377519080393     
  0.611769890896406     
  0.598001277902270     
  0.565064636264743     
  0.451008599441379     
  6.710818880843480E-002
