  2.607676565204442E-003
  3.243506788042528E-003
  4.034372473901877E-003
  5.018076097154755E-003
  6.241637690665977E-003
  7.763542523754797E-003
  9.656536920638352E-003
  1.201110591862481E-002
  1.493979909097297E-002
  1.858261145454198E-002
  2.311367689826340E-002
  2.874959443631606E-002
  3.575978584047747E-002
  4.447938061977912E-002
  5.532524561074643E-002
  6.881592751261435E-002
  8.559646492055341E-002
  0.106469261007520     
  0.132432500562131     
  0.164727960164126     
  0.204900516222421     
  0.254872225627698     
  0.317034567376174     
  0.394363328386632     
  0.490561741348751     
  0.610238899771910     
  0.759132268160025     
  0.944385383662213     
   1.17489475928008     
   1.46174375409397     
   1.81874607868987     
   2.26312805824329     
   2.81638749707768     
   3.50537895031436     
   4.36369213123836     
   5.43341482585881     
   6.76740872944858     
   8.43228394806115     
   10.5123486233042     
   13.1149552089310     
   16.3778955795877     
   20.4798539413588     
   25.6554476481805     
   32.2170709177635     
   40.5864855611879     
   51.3395058928375     
   65.2664458222460     
   83.4481320898597     
   107.341314261910     
   138.858639973508     
   180.420062070515     
   234.950690084206     
   305.813049070748     
   396.696914373946     
   511.543151808003     
   654.618256369128     
   830.836229877260     
   1046.33778435169     
   1309.26414211966     
   1630.74640085198     
   2026.60169117498     
   2521.21705864347     
   3143.73187366879     
   3681.58608867042     
